    2.1269   -1.4082    1.0000
    0.8912    1.2897    1.0000
    0.2551   -0.6248    1.0000
   -0.1836   -0.2787    1.0000
    0.5495    0.1367    1.0000
   -0.1333    0.0825    1.0000
    0.1461   -0.3687    1.0000
   -0.0882   -0.2825    1.0000
    4.3199    3.4075    1.0000
    1.8969    0.7873    1.0000
   -0.5281   -0.5846    1.0000
    0.1306    0.5353    1.0000
    1.2330    0.1085    1.0000
    0.4097   -0.9258    1.0000
    0.7553    1.1391    1.0000
    1.1774    0.1810    1.0000
    1.4075    0.5842    1.0000
   -0.8665    0.0188    1.0000
    0.3240   -2.0340    1.0000
   -0.5786   -0.3199    1.0000
    1.5754   -0.2293    1.0000
    1.0123   -0.8980    1.0000
   -1.4073    0.0939    1.0000
   -0.2012    1.1726    1.0000
    2.4851   -0.3717    1.0000
    1.9429    0.9536    1.0000
   -0.6650   -0.0334    1.0000
    1.0111    0.5230    1.0000
    1.4268    0.6744    1.0000
    1.4284   -0.3126    1.0000
    1.1292   -2.2529    1.0000
   -0.4184    1.2020    1.0000
    0.0893    0.3276    1.0000
    2.2581   -0.8889    1.0000
   -0.2093   -0.4927    1.0000
    1.1911   -0.2048    1.0000
   -0.2278   -1.5729    1.0000
    0.3797   -0.2211    1.0000
    0.2148   -0.2620    1.0000
   -0.3454    0.5492    1.0000
   -1.4246    0.1446    1.0000
    1.4190   -0.8488    1.0000
    0.6929    0.2918    1.0000
    0.1354   -0.0136    1.0000
    1.1621   -0.9371    1.0000
    1.5852    1.0945    1.0000
    1.0712    0.0151    1.0000
   -0.4145    0.4948    1.0000
   -0.4658    1.5908    1.0000
    1.2765    0.2648    1.0000
    0.3564   -2.1763    1.0000
   -0.4457    0.3653    1.0000
    3.1624    0.7402    1.0000
    1.0597   -0.5420    1.0000
    0.8723    0.9623    1.0000
    0.4960    1.8918    1.0000
   -0.4703   -0.3762    1.0000
    0.8024   -1.9539    1.0000
    1.3154    0.0778    1.0000
    0.8307    0.7947    1.0000
    1.7937    0.8022    1.0000
    0.2812   -0.0466    1.0000
    1.1035   -1.2568    1.0000
   -0.2860   -0.4270    1.0000
    0.8277    1.7909    1.0000
    1.5473   -0.4425    1.0000
    0.1209    1.5338    1.0000
    3.4835    0.1674    1.0000
    0.2711   -1.4127    1.0000
    1.7250    0.2897    1.0000
    1.9154   -0.9087    1.0000
    0.9906   -0.6540    1.0000
    2.0250   -0.5512    1.0000
    0.6626   -0.3478    1.0000
    1.7440    0.4284    1.0000
   -0.2542   -0.6327    1.0000
   -0.2957    0.5057    1.0000
    1.0820   -1.6354    1.0000
   -1.1568   -0.0404    1.0000
    1.4472    0.1688    1.0000
   -0.7938   -1.5518    1.0000
    1.6171   -0.1454    1.0000
    0.3638    1.3162    1.0000
   -0.0465    0.1354    1.0000
    1.1678    0.8199    1.0000
   -0.1044    0.3573    1.0000
    3.4985   -1.5130    1.0000
    1.1840   -0.2298    1.0000
   -0.0771   -0.8320    1.0000
    1.2479    2.3156    1.0000
   -0.0438    0.5410    1.0000
    0.1909    1.9766    1.0000
    1.2947   -0.1379    1.0000
    1.3699   -0.0056    1.0000
    1.8572   -0.1856    1.0000
   -0.3714    0.2464    1.0000
    2.3110   -1.1966    1.0000
    0.5077    1.0048    1.0000
   -1.1701    0.6254    1.0000
    1.5030    0.2135    1.0000
   -0.0202   -0.0071    1.0000
    0.8432    0.9353    1.0000
    1.4135   -0.3502    1.0000
    2.3699   -0.0508    1.0000
   -0.0627   -0.4384    1.0000
    1.6086    0.1952    1.0000
    1.6389    0.0692    1.0000
    3.2368   -1.6656    1.0000
    0.3341   -0.0842    1.0000
    0.8393    1.4561    1.0000
    0.9695   -0.1149    1.0000
    0.8186    0.7515    1.0000
    0.0606    0.4508    1.0000
   -0.8150   -0.0788    1.0000
   -0.1918   -0.6529    1.0000
    1.0325   -1.1251    1.0000
   -0.2390   -1.5159    1.0000
   -1.4785   -0.1515    1.0000
    1.9127   -0.1819    1.0000
    0.5160   -1.0467    1.0000
    2.3333   -0.2494    1.0000
    2.0440    0.3620    1.0000
    0.4869    1.0821    1.0000
    1.7324   -0.1114    1.0000
    2.0460    1.7813    1.0000
    0.6844   -0.2557    1.0000
    1.1546    0.3518    1.0000
    1.5575   -0.2556    1.0000
    1.4651    1.0486    1.0000
    0.9275    0.1533    1.0000
   -0.5043   -1.1728    1.0000
   -0.7114   -1.2443    1.0000
    0.5949   -1.6149    1.0000
    2.9961    0.7393    1.0000
   -1.3176   -1.1546    1.0000
    0.6428   -1.7129    1.0000
    0.2901    1.0910    1.0000
    0.5861   -0.0672    1.0000
   -0.2516   -0.5557    1.0000
   -0.6016    0.3642    1.0000
    0.2978    0.7834    1.0000
    1.9872    1.0772    1.0000
    0.7152   -0.5040    1.0000
   -0.4740    0.1185    1.0000
    1.7095   -0.3409    1.0000
    0.5767    0.6163    1.0000
    1.6139   -1.4169    1.0000
    0.9500    0.1958    1.0000
    0.5989    0.8928    1.0000
    0.3858   -0.8262    1.0000
    1.0260    0.4598    1.0000
    0.5325    0.7961    1.0000
   -0.7680   -1.0749    1.0000
   -2.3222    0.5214    1.0000
   -0.2410   -0.2531    1.0000
    1.7593    0.0510    1.0000
    0.3096   -0.8485    1.0000
    0.5096    0.6029    1.0000
   -0.7663   -0.0683    1.0000
    1.5324   -1.4207    1.0000
    1.4194    0.6832    1.0000
   -0.1321   -1.5045    1.0000
    1.1831    0.8083    1.0000
    1.3289    0.7628    1.0000
   -0.4321    0.5838    1.0000
    0.1700   -0.5614    1.0000
   -0.8059    1.1002    1.0000
    0.9251    1.0036    1.0000
    2.2610   -1.1372    1.0000
    1.3930   -0.0128    1.0000
    1.6643    1.1077    1.0000
    1.5705   -0.8176    1.0000
    0.6235    0.2641    1.0000
    3.9085    1.2266    1.0000
    3.0706    0.4145    1.0000
    0.9618    0.6132    1.0000
    0.2222    1.2416    1.0000
    0.5924   -1.3736    1.0000
    1.6208   -1.5685    1.0000
   -1.0943    0.2884    1.0000
   -0.2009   -0.9107    1.0000
    0.5881   -0.4889    1.0000
    0.5272    0.2721    1.0000
   -0.4185   -1.2242    1.0000
   -1.3495   -0.3902    1.0000
    1.4143   -0.7023    1.0000
    1.2513    0.5403    1.0000
    1.7408    0.9894    1.0000
    0.0612   -0.8568    1.0000
    0.7984   -0.6649    1.0000
    2.2027    1.3798    1.0000
    0.8451   -0.4271    1.0000
    1.2608   -0.6563    1.0000
    0.6250   -0.5305    1.0000
    0.8556    1.1284    1.0000
    1.4925    1.1436    1.0000
   -0.1647    0.1798    1.0000
   -0.2333    0.3848    1.0000
    1.0757    1.2963    1.0000
    1.8492    0.6532    1.0000
    0.2449   -0.4760    1.0000
   -1.3016   -0.4483    1.0000
   -0.8012    0.9298    1.0000
    1.6519    0.1383    1.0000
    0.3716    0.1431    1.0000
    2.3550    1.3491    1.0000
    0.3016    0.1684    1.0000
   -0.3705    0.4007    1.0000
    1.4891    0.9000    1.0000
   -0.7812    0.5046    1.0000
   -0.1142   -0.3766    1.0000
    1.5380    0.2982    1.0000
    0.5863    0.6067    1.0000
    2.3845   -0.6235    1.0000
   -0.6001   -1.1622    1.0000
   -0.1943   -0.6712    1.0000
    1.3267   -2.0858    1.0000
    0.9860   -0.7784    1.0000
    1.8496   -0.8556    1.0000
    0.7576   -0.9376    1.0000
    0.0684   -0.2601    1.0000
    0.5212   -0.5248    1.0000
    1.8783    0.5501    1.0000
    2.6051   -0.2773    1.0000
    1.8166   -2.0992    1.0000
    1.3885    0.3715    1.0000
    0.3758    0.6953    1.0000
    1.6276    1.0336    1.0000
    1.1698    0.6011    1.0000
    0.0760   -1.0952    1.0000
    0.4824    0.1866    1.0000
    1.7009   -0.7905    1.0000
    0.2605    2.9745    1.0000
    0.1274    1.9203    1.0000
    1.7111   -0.5578    1.0000
    0.6434   -0.2152    1.0000
    1.2235    1.3656    1.0000
   -0.8878    2.0237    1.0000
    1.5278   -0.5489    1.0000
    0.6240    0.2996    1.0000
    1.0462    1.2008    1.0000
    1.8402   -0.3587    1.0000
    0.6201    0.7337    1.0000
    0.8703    1.1363    1.0000
    0.0632    0.4717    1.0000
    1.0383    1.3919    1.0000
   -0.5955    0.0007    1.0000
    0.8035   -2.3419    1.0000
    1.9981    2.8092    1.0000
    0.5178    0.2870    1.0000
    0.2854    0.3843    1.0000
    0.3702   -0.1018    1.0000
    2.3682   -0.8472    1.0000
    0.1741   -0.0759    1.0000
    0.6175    1.4393    1.0000
    2.7813   -0.9782    1.0000
    0.1090    0.5205    1.0000
    0.3693    1.9929    1.0000
    2.3859    0.5590    1.0000
    1.3136   -0.3384    1.0000
    1.5136    1.1274    1.0000
    0.8916    1.9281    1.0000
    1.4206   -0.1101    1.0000
    1.1210    1.0966    1.0000
    0.3518   -0.0855    1.0000
    3.1233   -0.4739    1.0000
    1.6963    0.8182    1.0000
    2.3390    0.5260    1.0000
   -1.7152   -0.8525    1.0000
    1.2617    0.2578    1.0000
    2.7124    1.4063    1.0000
    1.2468    0.0828    1.0000
   -0.7985    1.8632    1.0000
    0.8840   -1.5460    1.0000
    1.1833    0.1030    1.0000
    0.1797    0.4931    1.0000
    0.0425   -1.3480    1.0000
   -1.0043   -0.3638    1.0000
    0.1229    0.4402    1.0000
   -0.7526   -0.2082    1.0000
   -0.7551    1.8097    1.0000
    0.6330    1.2262    1.0000
    1.2449    0.9086    1.0000
   -0.4042    1.2576    1.0000
    2.2025   -2.0768    1.0000
    0.5735   -0.6521    1.0000
    0.9065   -0.8502    1.0000
    1.0290    0.5971    1.0000
    0.9947   -0.1183    1.0000
   -0.5394    0.0576    1.0000
    0.2291   -1.2790    1.0000
    0.6938   -0.2097    1.0000
    0.9421    0.9923    1.0000
    1.3262    1.3058    1.0000
    0.0207   -0.8646    1.0000
    0.6551    1.3832    1.0000
    2.0537   -0.1258    1.0000
    0.1531   -1.5206    1.0000
    1.4218    0.0228    1.0000
   -0.4278   -0.3346    1.0000
   -1.0795    0.4300    1.0000
    0.5760    1.6312    1.0000
   -0.6094    0.9705    1.0000
    0.8936    0.0826    1.0000
    1.4667    1.1935    1.0000
   -0.3211    1.3189    1.0000
   -0.4600   -1.0741    1.0000
    0.0774    0.7365    1.0000
   -0.3200    0.3347    1.0000
    1.1619    0.1541    1.0000
    1.3046   -1.1728    1.0000
    1.7576    0.1135    1.0000
    1.4801   -0.9835    1.0000
    0.8020    0.8776    1.0000
    1.7641   -0.0843    1.0000
   -1.1035   -1.0968    1.0000
    0.9686    0.7942    1.0000
    1.2131   -0.6126    1.0000
    2.9944    0.0723    1.0000
    1.6155   -0.4157    1.0000
   -1.8649   -0.8452   -1.0000
    0.2877    1.5548   -1.0000
   -1.2790   -1.0109   -1.0000
    0.8673    1.6189   -1.0000
   -1.8771   -1.2454   -1.0000
   -1.5588   -0.4059   -1.0000
   -0.1579    0.6383   -1.0000
   -0.5095   -0.0281   -1.0000
    0.2431    1.0516   -1.0000
   -1.0111   -0.3058   -1.0000
   -0.8517   -0.3736   -1.0000
   -0.0086    1.1390   -1.0000
    1.7239    2.5076   -1.0000
   -1.5725   -0.7186   -1.0000
   -1.7571   -1.1482   -1.0000
   -1.4090   -0.8862   -1.0000
   -0.3718    0.0110   -1.0000
   -0.0828    0.8822   -1.0000
    0.2875    0.9792   -1.0000
   -0.1310    1.1510   -1.0000
   -0.6970   -0.0052   -1.0000
    1.0225    0.9005   -1.0000
   -1.2066    0.3251   -1.0000
   -1.2215   -0.6228   -1.0000
   -1.9765   -0.9175   -1.0000
   -2.8599   -2.2541   -1.0000
   -0.1830    0.5382   -1.0000
   -0.1261    0.6322   -1.0000
   -0.0691    0.2448   -1.0000
   -0.5319   -0.2820   -1.0000
    0.0333    0.6471   -1.0000
   -0.0947    0.4547   -1.0000
   -0.4214    0.6413   -1.0000
   -2.7297   -2.4638   -1.0000
   -2.5824   -1.4758   -1.0000
   -0.3448    0.1656   -1.0000
    0.7490    1.4671   -1.0000
   -2.3368   -1.8257   -1.0000
   -2.1352   -1.0178   -1.0000
   -1.3511   -0.9370   -1.0000
   -1.3271   -0.8094   -1.0000
    0.1030    0.9594   -1.0000
   -0.4477    0.4170   -1.0000
   -0.7070   -0.2555   -1.0000
   -0.2084    0.2581   -1.0000
   -1.8219   -1.3537   -1.0000
    0.1196    1.1324   -1.0000
   -2.5088   -1.7171   -1.0000
   -0.4981    0.0488   -1.0000
    0.0110    0.8024   -1.0000
   -0.9028   -0.3192   -1.0000
   -0.0730    0.9084   -1.0000
   -0.2807    0.3710   -1.0000
    0.1710    0.5918   -1.0000
   -0.6056    0.5732   -1.0000
   -0.9397   -0.4437   -1.0000
    1.1934    1.7692   -1.0000
   -0.3084    0.1686   -1.0000
   -0.4624    0.4191   -1.0000
   -0.7454    0.1062   -1.0000
    0.4546    0.7059   -1.0000
   -0.5444   -0.4265   -1.0000
   -0.7216    0.6298   -1.0000
    0.1911    0.8919   -1.0000
   -1.0882   -0.1564   -1.0000
    0.3069    1.0087   -1.0000
    0.8648    1.2793   -1.0000
   -2.7478   -2.1315   -1.0000
   -0.9493   -0.3057   -1.0000
   -1.5974   -0.3875   -1.0000
   -2.3663   -1.6891   -1.0000
   -1.7193   -1.0689   -1.0000
   -1.4162   -0.4835   -1.0000
   -1.7911   -1.2453   -1.0000
   -0.6489    0.4345   -1.0000
   -2.6045   -1.1998   -1.0000
   -1.6284   -0.6322   -1.0000
    0.2996    1.4102   -1.0000
   -1.2674   -0.4839   -1.0000
   -0.9124   -0.3434   -1.0000
   -0.4783    0.3701   -1.0000
   -1.1023   -0.2934   -1.0000
    1.9236    2.5375   -1.0000
   -0.0397    0.5304   -1.0000
   -1.2779   -0.6095   -1.0000
   -0.1854    0.2860   -1.0000
   -2.6029   -1.7437   -1.0000
   -1.1864   -0.3272   -1.0000
   -0.6654    0.3080   -1.0000
    0.1508    0.4418   -1.0000
   -2.2746   -1.2915   -1.0000
   -0.4436   -0.0022   -1.0000
    0.4874    1.1858   -1.0000
   -0.6264    0.2029   -1.0000
    0.0042    1.1925   -1.0000
   -1.0120   -0.7893   -1.0000
    0.2635    0.6731   -1.0000
    0.4937    0.9974   -1.0000
    0.7415    1.1652   -1.0000
   -1.8626   -0.7582   -1.0000
   -2.1131   -1.0824   -1.0000
   -0.3122    0.3712   -1.0000
   -1.0915    0.3181   -1.0000
   -1.1245   -0.4152   -1.0000
   -1.6887   -1.1458   -1.0000
   -1.3336   -0.0206   -1.0000
   -1.1404   -0.5864   -1.0000
   -1.1982   -0.2027   -1.0000
   -2.0657   -1.0541   -1.0000
   -2.0813   -1.3056   -1.0000
   -2.5769   -1.5682   -1.0000
   -0.0571    0.4435   -1.0000
   -0.4324    0.3525   -1.0000
    0.4091    1.1412   -1.0000
    0.2895    0.9510   -1.0000
   -1.3983   -0.6277   -1.0000
   -0.9493    0.0859   -1.0000
   -0.8061   -0.3160   -1.0000
   -0.9048    0.2240   -1.0000
   -1.1649   -0.5998   -1.0000
    0.2340    0.9664   -1.0000
   -1.1127   -0.5753   -1.0000
   -2.2298   -1.3580   -1.0000
   -1.0670   -0.2016   -1.0000
   -2.2065   -0.9710   -1.0000
   -0.2628   -0.0263   -1.0000
    0.3071    0.8207   -1.0000
   -0.4478    0.3556   -1.0000
   -1.6282   -1.7278   -1.0000
   -0.2144    0.4020   -1.0000
   -1.3479   -0.4372   -1.0000
   -1.4397   -0.4456   -1.0000
   -0.5991   -0.1662   -1.0000
    0.0868    0.9432   -1.0000
    0.5022    0.9108   -1.0000
   -1.6453   -0.7527   -1.0000
   -0.0830    0.8923   -1.0000
   -0.7435   -0.0675   -1.0000
   -0.0972    1.2336   -1.0000
    0.1346    0.8668   -1.0000
   -1.3245   -0.3897   -1.0000
   -1.2341   -0.3854   -1.0000
    0.0282    1.0279   -1.0000
   -0.1619    0.9890   -1.0000
    1.1012    1.1661   -1.0000
   -2.5287   -1.9778   -1.0000
   -2.7479   -2.0095   -1.0000
   -1.0864   -0.2414   -1.0000
   -0.4638    0.0576   -1.0000
   -1.5633   -0.5249   -1.0000
   -1.1319   -0.7910   -1.0000
   -0.7397    0.0735   -1.0000
   -1.1610   -0.1833   -1.0000
   -0.5242    0.1480   -1.0000
   -0.7940    0.1012   -1.0000
   -1.1914   -0.7488   -1.0000
   -0.9056   -0.1075   -1.0000
   -0.2406    0.4746   -1.0000
   -1.2074   -0.2483   -1.0000
   -0.8635    0.1441   -1.0000